# count = 32
# checksum = d70c0d14087579312240baaf9ffc17d4e95211dfd7bb7152687978a6162bd3c9
632668.5770781527
50000.39929523201
4246911.383689705
50000.12837437644
2.4999976367684855
0.8219310054776224
-367227.37469848205
0.7654033534384912
1.5939109827048443
0.35272202134926967
0.0007223123187327918
42976750.11973485
78157.66305319587
783736.9153777388
50000.0016585601
2.1519130591792806
3.366006758096467E-09
1.4665642614130162E-11
999991775636980.5
164526.31926282833
2235154804417.352
182531.5148027509
2.015364507350454
2.9089004054711024E-08
1.0050771647196075E-06
999975655458555.6
223910.31858146982
18868639.84366094
78629.56062716022
0.3016702544373872
2.0776103403418784E-09
2.889605319801953E-07
