# count = 32
# checksum = 91c54097d9232ae24f18b41fb630cb2ee9e19280141afb3ed7ce9f824697e8e4
1954275689.1199553
206425.68046919547
1176884.484228617
50000.35358104978
2.4999990002476715
1.1193352413556008
-407243.6375001921
1.0989591917473231
1.3240910867110078
0.07612057549109397
0.9456825008515037
997662548476933.5
162857.19191489473
298661.8953744815
50000.14901279834
2.1966089278159577
5.372748267231791E-08
1.3351465953259384E-06
999952190086927.5
165077.49442030492
5664676192726.616
200832.92962550418
2.2263981667869626
3.7730960428959604E-09
1.2277953178129537E-07
997854333602391.9
224096.5432749049
8049832814810.603
227484.92376765012
0.7233727430915838
2.7660575274175673E-08
1.1397592154883802E-06
