# count = 32
# checksum = 2b55f615e30dc44f008d49f159fe2d4a4714fca2da2ec24ba5c4ea6303e9c535
270425.16247224977
50000.01390619085
835575.1158096384
50000.000048000475
2.4999999994170774
1.2600393129619831
-419917.58660087275
1.3135664540421474
1.4145863782957049
0.589586784501796
1.6631647399145713E-05
149453556477435.6
153149.85546090113
199782.74876397804
50000.0000505755
2.3952110084855476
4.21285981107954E-08
2.6409363928164703E-07
999999746557452.5
162164.04940057814
6082663369219.321
209617.60464566582
2.480302163720106
1.1880525970877363E-08
2.2969185280399496E-12
999999727101067.5
226703.19299759885
8773525.267853536
50000.03248774392
0.5054928018529032
2.0796104933579726E-08
3.678888478168093E-07
